
PNDiff values:
   0 8.0625  
   1 119.8750  
   2 40.1875  
   3 63.0625  
   4 84.7500  
   5 7.2500  
   6 106.7500  
   7 49.5000  
   8 96.8125  
   9 -46.0625  

  10 58.8125  
  11 -126.0625  
  12 102.6875  
  13 -37.9375  
  14 -108.5625  
  15 38.5000  
  16 113.5625  
  17 77.1250  
  18 126.8125  
  19 -36.5000  

  20 105.1250  
  21 163.8125  
  22 106.6250  
  23 108.0625  
  24 71.1875  
  25 84.6250  
  26 59.7500  
  27 36.9375  
  28 102.6875  
  29 35.7500  

  30 65.4375  
  31 84.0625  
  32 103.0000  
  33 84.8125  
  34 75.4375  
  35 107.8125  
  36 27.8750  
  37 129.8750  
  38 104.6875  
  39 116.3750  

  40 161.1250  
  41 4.0000  
  42 81.6875  
  43 53.3125  
  44 78.3125  
  45 74.8125  
  46 56.1250  
  47 4.0000  
  48 28.0625  
  49 23.5625  

  50 -51.6250  
  51 -36.1875  
  52 -95.5000  
  53 -47.2500  
  54 5.4375  
  55 7.3125  
  56 23.5625  
  57 23.1875  
  58 70.1875  
  59 129.2500  

  60 120.0625  
  61 52.9375  
  62 61.6875  
  63 38.0625  
  64 17.0000  
  65 46.1875  
  66 17.0000  
  67 -4.3750  
  68 53.5000  
  69 91.5625  

  70 98.7500  
  71 -76.4375  
  72 35.1875  
  73 166.0000  
  74 40.3750  
  75 60.1875  
  76 116.1875  
  77 123.3750  
  78 111.3750  
  79 113.8750  

  80 65.0625  
  81 58.0000  
  82 167.0000  
  83 10.9375  
  84 34.6250  
  85 33.6875  
  86 49.1250  
  87 111.6875  
  88 36.4375  
  89 65.1250  

  90 46.8125  
  91 82.3750  
  92 -31.8750  
  93 78.1875  
  94 48.9375  
  95 95.0625  
  96 78.4375  
  97 54.3750  
  98 108.5000  
  99 47.0000  

 100 50.5000  
 101 70.5000  
 102 96.2500  
 103 106.6875  
 104 12.3125  
 105 -35.5000  
 106 31.1875  
 107 32.3125  
 108 -19.3125  
 109 -25.6875  

 110 -28.8750  
 111 13.3750  
 112 67.3125  
 113 18.7500  
 114 -59.2500  
 115 -13.8125  
 116 -17.7500  
 117 -17.3125  
 118 125.3750  
 119 151.8750  

 120 89.9375  
 121 95.8125  
 122 50.5000  
 123 35.0000  
 124 18.8125  
 125 91.2500  
 126 46.1250  
 127 61.5625  
 128 47.4375  
 129 28.3750  

 130 22.1250  
 131 29.3750  
 132 96.3125  
 133 66.1250  
 134 58.0000  
 135 116.3750  
 136 17.2500  
 137 75.5625  
 138 150.2500  
 139 53.7500  

 140 76.7500  
 141 101.0625  
 142 91.6875  
 143 74.2500  
 144 64.8750  
 145 0.5000  
 146 97.9375  
 147 18.1875  
 148 -11.7500  
 149 37.5000  

 150 33.5000  
 151 96.6875  
 152 20.3750  
 153 86.4375  
 154 -50.4375  
 155 59.5625  
 156 -10.3750  
 157 44.1250  
 158 41.6875  
 159 94.0000  

 160 139.3750  
 161 57.1250  
 162 128.3125  
 163 58.7500  
 164 19.9375  
 165 111.1250  
 166 18.8750  
 167 41.2500  
 168 78.9375  
 169 42.8125  

 170 -57.5000  
 171 85.1250  
 172 -69.1250  
 173 69.1875  
 174 74.5000  
 175 45.2500  
 176 71.0625  
 177 63.0625  
 178 28.5625  
 179 130.6250  

 180 128.8750  
 181 172.7500  
 182 88.1875  
 183 118.8125  
 184 102.3750  
 185 104.4375  
 186 106.9375  
 187 71.2500  
 188 -2.3750  
 189 51.8750  

 190 93.6250  
 191 -43.0000  
 192 1.6875  
 193 81.0000  
 194 141.6875  
 195 148.9375  
 196 18.1250  
 197 55.3750  
 198 139.2500  
 199 87.5000  

 200 -15.9375  
 201 67.4375  
 202 -34.0625  
 203 -38.5000  
 204 44.1875  
 205 42.6875  
 206 194.3125  
 207 121.0625  
 208 60.5000  
 209 55.5000  

 210 144.3750  
 211 146.4375  
 212 159.3125  
 213 103.8125  
 214 161.7500  
 215 -2.6875  
 216 120.8125  
 217 113.3750  
 218 33.9375  
 219 66.1875  

 220 10.7500  
 221 105.8125  
 222 37.6875  
 223 87.4375  
 224 112.5000  
 225 80.4375  
 226 30.2500  
 227 125.8125  
 228 8.6250  
 229 93.2500  

 230 102.3125  
 231 65.4375  
 232 8.2500  
 233 60.5625  
 234 78.7500  
 235 11.9375  
 236 162.5000  
 237 189.5000  
 238 128.0625  
 239 124.1250  

 240 197.4375  
 241 66.6875  
 242 50.5625  
 243 90.4375  
 244 96.9375  
 245 102.3750  
 246 15.0000  
 247 -51.4375  
 248 -15.5625  
 249 52.8125  

 250 -5.3125  
 251 56.9375  
 252 41.0625  
 253 40.1875  
 254 60.5000  
 255 -66.5000  
 256 -30.7500  
 257 12.1875  
 258 49.8750  
 259 -59.1250  

 260 2.4375  
 261 67.3750  
 262 80.1875  
 263 -0.6250  
 264 28.3125  
 265 -27.1250  
 266 41.3750  
 267 72.6875  
 268 -45.4375  
 269 -98.0625  

 270 39.2500  
 271 30.9375  
 272 -5.0000  
 273 -20.3750  
 274 3.3125  
 275 -53.2500  
 276 161.3750  
 277 74.3125  
 278 -25.8125  
 279 72.5625  

 280 51.8125  
 281 138.9375  
 282 107.9375  
 283 13.2500  
 284 25.2500  
 285 -22.0000  
 286 44.6250  
 287 17.7500  
 288 -51.5000  
 289 -48.3750  

 290 18.8750  
 291 -11.2500  
 292 -6.6250  
 293 160.9375  
 294 74.0000  
 295 107.3750  
 296 35.9375  
 297 43.1250  
 298 55.5000  
 299 28.5000  

 300 62.6250  
 301 123.3750  
 302 124.6250  
 303 157.1250  
 304 143.7500  
 305 69.8750  
 306 59.3125  
 307 152.8750  
 308 84.4375  
 309 60.1875  

 310 65.9375  
 311 52.8125  
 312 106.0625  
 313 93.7500  
 314 80.8750  
 315 12.2500  
 316 -62.0625  
 317 -54.4375  
 318 59.9375  
 319 -36.8125  

 320 107.6250  
 321 80.6875  
 322 16.1875  
 323 22.7500  
 324 12.3125  
 325 17.5000  
 326 -24.3750  
 327 62.0625  
 328 143.3125  
 329 130.7500  

 330 70.3125  
 331 37.2500  
 332 -1.0000  
 333 8.3125  
 334 30.1250  
 335 55.3125  
 336 125.1250  
 337 -8.9375  
 338 144.5625  
 339 93.1875  

 340 136.6875  
 341 88.0625  
 342 50.9375  
 343 37.9375  
 344 87.7500  
 345 49.8125  
 346 108.3750  
 347 87.5625  
 348 111.5000  
 349 107.1250  

 350 -82.2500  
 351 14.6250  
 352 43.8750  
 353 97.3125  
 354 42.5625  
 355 17.5625  
 356 39.8125  
 357 51.0625  
 358 128.4375  
 359 -1.1250  

 360 -34.2500  
 361 -27.0000  
 362 59.6250  
 363 107.7500  
 364 27.4375  
 365 139.9375  
 366 76.1875  
 367 91.3750  
 368 105.8750  
 369 82.1875  

 370 28.1875  
 371 90.2500  
 372 121.8125  
 373 69.8750  
 374 83.1875  
 375 46.8125  
 376 30.8750  
 377 28.0625  
 378 30.1875  
 379 26.3125  

 380 51.6875  
 381 82.9375  
 382 46.5625  
 383 -12.9375  
 384 185.2500  
 385 139.4375  
 386 79.4375  
 387 30.5000  
 388 37.0625  
 389 33.1875  

 390 54.3125  
 391 33.4375  
 392 140.3125  
 393 127.6250  
 394 115.6250  
 395 86.9375  
 396 228.9375  
 397 176.8750  
 398 112.5000  
 399 124.1875  

 400 60.6250  
 401 144.8125  
 402 120.2500  
 403 33.1250  
 404 55.8750  
 405 44.3750  
 406 147.3125  
 407 50.9375  
 408 92.8750  
 409 44.9375  

 410 121.0625  
 411 33.7500  
 412 46.9375  
 413 69.6250  
 414 20.5625  
 415 56.6875  
 416 64.1875  
 417 34.3750  
 418 110.2500  
 419 -3.9375  

 420 32.5625  
 421 -39.5625  
 422 68.0000  
 423 -23.7500  
 424 9.8125  
 425 131.0000  
 426 -53.1250  
 427 114.4375  
 428 -57.3125  
 429 10.5000  

 430 33.8125  
 431 27.2500  
 432 52.1250  
 433 95.9375  
 434 -10.3125  
 435 35.6250  
 436 120.8125  
 437 62.3750  
 438 -7.6875  
 439 181.8125  

 440 171.6250  
 441 88.8125  
 442 68.4375  
 443 22.8125  
 444 83.6250  
 445 37.1875  
 446 99.5625  
 447 -15.4375  
 448 32.6250  
 449 -12.5000  

 450 139.6875  
 451 -22.9375  
 452 60.3750  
 453 58.5000  
 454 172.1875  
 455 95.7500  
 456 47.3125  
 457 41.3750  
 458 79.1250  
 459 73.9375  

 460 205.1250  
 461 131.4375  
 462 -19.1875  
 463 32.8750  
 464 94.3750  
 465 21.6875  
 466 63.7500  
 467 107.5000  
 468 27.6875  
 469 121.7500  

 470 148.1875  
 471 215.6250  
 472 46.9375  
 473 155.0625  
 474 164.1250  
 475 117.0625  
 476 154.8125  
 477 125.1875  
 478 156.9375  
 479 124.5000  

 480 83.3750  
 481 14.9375  
 482 -12.2500  
 483 59.4375  
 484 63.5000  
 485 95.0000  
 486 62.5625  
 487 19.8750  
 488 24.0000  
 489 124.5000  

 490 -43.6250  
 491 17.0000  
 492 112.5625  
 493 87.5000  
 494 116.8125  
 495 53.5000  
 496 9.2500  
 497 46.1250  
 498 29.9375  
 499 55.6875  

 500 177.1875  
 501 90.5625  
 502 89.5000  
 503 34.0625  
 504 125.9375  
 505 41.3125  
 506 45.8125  
 507 58.4375  
 508 62.5625  
 509 71.6875  

 510 -20.1250  
 511 66.9375  
 512 96.0000  
 513 5.7500  
 514 85.0625  
 515 29.3125  
 516 64.8125  
 517 41.1250  
 518 37.1875  
 519 44.0000  

 520 32.6875  
 521 42.7500  
 522 21.6875  
 523 132.5625  
 524 56.0000  
 525 11.1875  
 526 92.5625  
 527 -6.6250  
 528 4.8125  
 529 102.7500  

 530 96.3125  
 531 72.0625  
 532 114.3750  
 533 28.3750  
 534 4.1875  
 535 120.6250  
 536 67.4375  
 537 70.3125  
 538 114.7500  
 539 143.8125  

 540 14.7500  
 541 42.0625  
 542 151.1875  
 543 33.2500  
 544 34.2500  
 545 59.3750  
 546 110.8125  
 547 78.0625  
 548 54.0625  
 549 88.5000  

 550 1.3125  
 551 3.1875  
 552 126.9375  
 553 91.5000  
 554 68.5625  
 555 66.4375  
 556 110.1875  
 557 56.9375  
 558 85.0625  
 559 -4.5000  

 560 -48.7500  
 561 -7.5000  
 562 70.4375  
 563 37.9375  
 564 56.9375  
 565 -36.6875  
 566 54.2500  
 567 51.1250  
 568 95.6250  
 569 -7.9375  

 570 59.1250  
 571 82.6875  
 572 19.3125  
 573 92.4375  
 574 102.3125  
 575 13.3750  
 576 153.5000  
 577 66.7500  
 578 107.3750  
 579 -27.6875  

 580 48.0625  
 581 -17.3125  
 582 48.3125  
 583 94.9375  
 584 6.0000  
 585 67.5625  
 586 11.7500  
 587 57.0625  
 588 22.3125  
 589 163.9375  

 590 28.5000  
 591 -20.1875  
 592 26.9375  
 593 27.3125  
 594 -9.1875  
 595 1.7500  
 596 92.6875  
 597 34.6875  
 598 170.6250  
 599 80.6250  

 600 -34.9375  
 601 69.8750  
 602 171.6250  
 603 147.1875  
 604 151.0625  
 605 154.0625  
 606 127.8750  
 607 120.1875  
 608 206.7500  
 609 84.5625  

 610 142.1250  
 611 93.4375  
 612 70.0625  
 613 148.4375  
 614 56.1250  
 615 134.0000  
 616 26.0000  
 617 69.8750  
 618 -75.6250  
 619 63.1875  

 620 57.6875  
 621 -80.1875  
 622 -34.3750  
 623 57.5625  
 624 -31.6250  
 625 24.5000  
 626 57.8750  
 627 -13.0625  
 628 -6.2500  
 629 94.6875  

 630 -50.8125  
 631 120.9375  
 632 69.3125  
 633 52.0625  
 634 46.5000  
 635 17.8125  
 636 66.0000  
 637 70.3750  
 638 105.5000  
 639 141.8750  

 640 85.0000  
 641 28.9375  
 642 137.8125  
 643 155.8125  
 644 77.0000  
 645 32.3125  
 646 15.5625  
 647 32.4375  
 648 38.3750  
 649 -68.5625  

 650 78.8125  
 651 103.4375  
 652 79.8125  
 653 64.1250  
 654 146.4375  
 655 120.5625  
 656 35.5625  
 657 124.1875  
 658 41.7500  
 659 80.3125  

 660 19.2500  
 661 -66.8750  
 662 -10.3750  
 663 -21.1250  
 664 -75.7500  
 665 26.1875  
 666 31.6250  
 667 -30.1875  
 668 49.3125  
 669 2.6875  

 670 53.9375  
 671 162.9375  
 672 158.1250  
 673 -61.4375  
 674 63.8125  
 675 23.7500  
 676 111.4375  
 677 153.1250  
 678 71.9375  
 679 -3.7500  

 680 100.0000  
 681 143.0000  
 682 32.5000  
 683 47.5000  
 684 24.4375  
 685 -18.1875  
 686 4.3125  
 687 11.5000  
 688 91.1250  
 689 53.3750  

 690 78.3750  
 691 8.0625  
 692 82.6875  
 693 12.5000  
 694 18.0625  
 695 58.4375  
 696 144.7500  
 697 57.8750  
 698 30.3125  
 699 74.7500  

 700 101.5625  
 701 -73.5000  
 702 -7.9375  
 703 -21.7500  
 704 74.5000  
 705 13.1250  
 706 -44.1875  
 707 33.3750  
 708 66.8750  
 709 76.2500  

 710 52.8750  
 711 78.3750  
 712 146.1250  
 713 53.5000  
 714 19.1250  
 715 -5.1875  
 716 -9.2500  
 717 124.1250  
 718 52.6250  
 719 -59.1875  

 720 -23.5625  
 721 -69.1875  
 722 -111.7500  
 723 -47.9375  
 724 17.0625  
 725 1.5625  
 726 50.1250  
 727 -16.4375  
 728 143.5000  
 729 70.6875  

 730 33.6250  
 731 49.8125  
 732 89.1875  
 733 17.8750  
 734 4.8125  
 735 94.5000  
 736 39.6250  
 737 7.0625  
 738 51.8125  
 739 53.0625  

 740 69.3750  
 741 59.2500  
 742 -12.9375  
 743 91.0000  
 744 72.0625  
 745 128.0000  
 746 41.7500  
 747 -46.8125  
 748 88.3750  
 749 105.8125  

 750 68.1875  
 751 31.0625  
 752 63.8750  
 753 -78.8125  
 754 -81.0625  
 755 -55.8125  
 756 -96.9375  
 757 13.3125  
 758 -14.3125  
 759 -23.6875  

 760 46.3125  
 761 -54.4375  
 762 102.1250  
 763 -8.3125  
 764 15.7500  
 765 -1.2500  
 766 48.0000  
 767 -5.3750  
 768 0.1250  
 769 70.7500  

 770 -26.5000  
 771 -13.1875  
 772 -46.3750  
 773 -3.1250  
 774 -7.2500  
 775 -44.8750  
 776 -55.5000  
 777 -45.1250  
 778 11.5625  
 779 31.9375  

 780 8.6875  
 781 -29.1875  
 782 0.8750  
 783 -143.2500  
 784 -90.5625  
 785 -1.5000  
 786 -97.0625  
 787 -11.1250  
 788 4.3750  
 789 -12.9375  

 790 -3.4375  
 791 -13.3750  
 792 -75.8125  
 793 -59.8750  
 794 119.1250  
 795 49.4375  
 796 49.5625  
 797 88.1250  
 798 30.6875  
 799 -1.6250  

 800 59.6875  
 801 0.4375  
 802 21.6875  
 803 -7.6875  
 804 38.7500  
 805 -4.1875  
 806 108.1875  
 807 3.4375  
 808 14.3125  
 809 19.1250  

 810 55.3125  
 811 103.1875  
 812 95.6875  
 813 52.9375  
 814 53.6875  
 815 3.0625  
 816 96.0625  
 817 43.7500  
 818 84.6875  
 819 76.1875  

 820 75.6250  
 821 96.4375  
 822 106.8750  
 823 100.5000  
 824 -55.3125  
 825 46.0000  
 826 -104.3750  
 827 53.3125  
 828 96.3750  
 829 1.0625  

 830 37.1250  
 831 83.6250  
 832 -70.5000  
 833 62.8125  
 834 45.9375  
 835 6.5000  
 836 107.1250  
 837 43.3750  
 838 -21.5000  
 839 -17.3125  

 840 183.5625  
 841 98.9375  
 842 68.0625  
 843 54.0625  
 844 1.0000  
 845 -21.0625  
 846 54.1250  
 847 11.0625  
 848 -30.0000  
 849 -32.1875  

 850 47.5000  
 851 10.4375  
 852 -29.2500  
 853 89.2500  
 854 -19.2500  
 855 -54.8125  
 856 29.9375  
 857 45.6250  
 858 -23.7500  
 859 -30.0000  

 860 -52.5000  
 861 119.9375  
 862 -4.1875  
 863 74.4375  
 864 59.8750  
 865 97.9375  
 866 122.0625  
 867 35.6875  
 868 85.0000  
 869 22.8750  

 870 -6.0000  
 871 90.6250  
 872 15.8750  
 873 -3.0000  
 874 -41.1875  
 875 12.8125  
 876 -18.8750  
 877 -30.0625  
 878 -55.9375  
 879 34.3125  

 880 37.5625  
 881 94.6875  
 882 33.6875  
 883 -41.7500  
 884 52.3750  
 885 139.7500  
 886 142.1250  
 887 40.9375  
 888 88.7500  
 889 20.3750  

 890 7.8125  
 891 142.1250  
 892 -10.2500  
 893 117.1875  
 894 95.1875  
 895 134.0625  
 896 39.5625  
 897 108.0000  
 898 67.3125  
 899 64.2500  

 900 99.1250  
 901 -1.8125  
 902 5.5625  
 903 98.1875  
 904 39.4375  
 905 104.6250  
 906 106.0625  
 907 74.9375  
 908 -14.2500  
 909 1.1875  

 910 -20.5625  
 911 -21.2500  
 912 -46.4375  
 913 95.2500  
 914 81.9375  
 915 30.1250  
 916 -77.2500  
 917 19.0000  
 918 32.0625  
 919 143.4375  

 920 138.9375  
 921 96.9375  
 922 9.2500  
 923 61.8125  
 924 52.1875  
 925 60.2500  
 926 43.2500  
 927 -12.1875  
 928 10.0625  
 929 131.9375  

 930 72.3750  
 931 -22.8125  
 932 18.1875  
 933 19.3750  
 934 14.3125  
 935 61.4375  
 936 48.8125  
 937 38.7500  
 938 75.0625  
 939 17.1250  

 940 -21.3750  
 941 81.0000  
 942 45.4375  
 943 -5.9375  
 944 23.5000  
 945 -11.5625  
 946 -66.8125  
 947 -30.7500  
 948 -20.1875  
 949 -49.6875  

 950 117.6875  
 951 41.3750  
 952 59.2500  
 953 71.8750  
 954 41.8750  
 955 25.8125  
 956 69.2500  
 957 6.0625  
 958 14.1875  
 959 71.5625  

 960 13.6875  
 961 78.6875  
 962 74.5625  
 963 19.3750  
 964 -6.5625  
 965 56.6875  
 966 -19.6875  
 967 33.7500  
 968 118.7500  
 969 40.1250  

 970 144.0625  
 971 198.2500  
 972 69.2500  
 973 4.5625  
 974 -34.5625  
 975 -13.1875  
 976 -29.8750  
 977 15.5625  
 978 15.3750  
 979 52.0000  

 980 56.6250  
 981 2.8750  
 982 -8.6875  
 983 38.8750  
 984 -37.1875  
 985 38.9375  
 986 -84.6875  
 987 -53.6250  
 988 -1.7500  
 989 72.2500  

 990 -6.9375  
 991 -9.9375  
 992 146.6250  
 993 137.1875  
 994 155.4375  
 995 102.6250  
 996 77.3750  
 997 -56.5625  
 998 -44.9375  
 999 72.0000  

1000 60.3750  
1001 16.6250  
1002 -24.5000  
1003 81.1250  
1004 90.9375  
1005 98.9375  
1006 60.6250  
1007 6.6250  
1008 -12.2500  
1009 -56.0625  

1010 27.7500  
1011 -24.2500  
1012 16.8750  
1013 86.8750  
1014 26.9375  
1015 18.6875  
1016 27.9375  
1017 26.3125  
1018 -3.8125  
1019 -29.0000  

1020 -68.8125  
1021 -116.8125  
1022 -6.2500  
1023 -4.9375  
1024 31.6250  
1025 -50.6250  
1026 -17.6875  
1027 14.0000  
1028 14.3750  
1029 81.0000  

1030 27.6875  
1031 18.5000  
1032 -7.4375  
1033 -17.6250  
1034 42.5000  
1035 59.1250  
1036 12.9375  
1037 113.8125  
1038 24.0625  
1039 -6.2500  

1040 153.6875  
1041 82.0625  
1042 -1.9375  
1043 115.2500  
1044 58.4375  
1045 -50.3125  
1046 35.3125  
1047 89.5000  
1048 45.2500  
1049 42.0000  

1050 43.3125  
1051 64.0625  
1052 7.0000  
1053 78.3750  
1054 34.6875  
1055 75.0000  
1056 -11.1250  
1057 -74.5000  
1058 45.7500  
1059 -55.0000  

1060 196.3125  
1061 86.1250  
1062 -9.2500  
1063 52.8125  
1064 121.1875  
1065 55.5000  
1066 -85.8750  
1067 59.1250  
1068 161.1875  
1069 43.2500  

1070 9.4375  
1071 71.3750  
1072 83.7500  
1073 17.3750  
1074 51.1875  
1075 82.5625  
1076 71.1250  
1077 19.3750  
1078 49.2500  
1079 24.0000  

1080 -21.8125  
1081 112.5625  
1082 -37.5000  
1083 -23.6250  
1084 6.2500  
1085 88.0625  
1086 -18.2500  
1087 48.8125  
1088 69.8750  
1089 -47.0000  

1090 -88.8750  
1091 -56.3125  
1092 -50.5625  
1093 16.9375  
1094 66.0000  
1095 -13.4375  
1096 29.6875  
1097 47.6250  
1098 60.6875  
1099 34.8125  

1100 87.4375  
1101 70.3750  
1102 76.0625  
1103 -0.4375  
1104 51.6250  
1105 32.4375  
1106 43.9375  
1107 74.4375  
1108 28.3125  
1109 -16.9375  

1110 130.9375  
1111 64.3125  
1112 49.0000  
1113 139.5000  
1114 29.1875  
1115 70.6875  
1116 -34.9375  
1117 -8.6250  
1118 -109.6250  
1119 2.3750  

1120 -36.2500  
1121 -108.1875  
1122 41.4375  
1123 -48.0625  
1124 46.9375  
1125 62.9375  
1126 18.0625  
1127 41.6250  
1128 12.0000  
1129 30.4375  

1130 71.8125  
1131 73.3125  
1132 122.3125  
1133 111.1875  
1134 113.8750  
1135 -0.1875  
1136 37.0000  
1137 5.2500  
1138 45.1875  
1139 146.8125  

1140 18.3125  
1141 11.6875  
1142 67.1875  
1143 71.8125  
1144 22.8750  
1145 -19.3125  
1146 17.3750  
1147 5.8750  
1148 -20.1875  
1149 60.6250  

1150 -96.8750  
1151 74.0000  
1152 53.8125  
1153 -11.9375  
1154 26.1250  
1155 68.2500  
1156 0.5625  
1157 94.7500  
1158 44.6250  
1159 5.8750  

1160 -33.6875  
1161 16.6875  
1162 20.6250  
1163 19.3750  
1164 6.1875  
1165 31.3125  
1166 75.3125  
1167 96.3125  
1168 25.0000  
1169 6.5625  

1170 93.6875  
1171 153.1875  
1172 15.8125  
1173 -1.3125  
1174 132.3125  
1175 -27.8125  
1176 -45.3125  
1177 102.8750  
1178 62.7500  
1179 -16.8750  

1180 113.5000  
1181 171.7500  
1182 104.8125  
1183 125.1875  
1184 52.8750  
1185 59.2500  
1186 217.1875  
1187 139.5625  
1188 93.1875  
1189 146.8750  

1190 188.3750  
1191 131.6250  
1192 -34.6875  
1193 106.8125  
1194 115.3750  
1195 147.1250  
1196 204.8125  
1197 24.3125  
1198 124.7500  
1199 9.1250  

1200 4.0625  
1201 30.1875  
1202 118.1250  
1203 132.9375  
1204 165.2500  
1205 75.3750  
1206 42.9375  
1207 4.7500  
1208 50.9375  
1209 121.6875  

1210 47.3750  
1211 169.5625  
1212 163.4375  
1213 44.5000  
1214 193.3750  
1215 145.0000  
1216 16.8750  
1217 63.0000  
1218 1.8125  
1219 54.6875  

1220 24.3750  
1221 44.1250  
1222 14.0625  
1223 54.0625  
1224 71.3750  
1225 110.8750  
1226 31.3125  
1227 -26.3750  
1228 5.5000  
1229 145.3750  

1230 76.8125  
1231 -5.1875  
1232 -21.4375  
1233 -64.5625  
1234 94.4375  
1235 17.9375  
1236 85.3125  
1237 32.6875  
1238 11.3750  
1239 19.1250  

1240 42.7500  
1241 164.5625  
1242 117.1875  
1243 162.6250  
1244 67.8750  
1245 44.4375  
1246 91.0625  
1247 113.0625  
1248 142.6250  
1249 44.8750  

1250 108.0000  
1251 -12.6875  
1252 45.9375  
1253 20.3125  
1254 -5.2500  
1255 41.9375  
1256 106.8750  
1257 72.1250  
1258 -6.5625  
1259 -8.9375  

1260 8.1875  
1261 9.9375  
1262 67.7500  
1263 9.9375  
1264 -76.4375  
1265 -61.1250  
1266 -126.5000  
1267 86.8750  
1268 11.8750  
1269 15.8750  

1270 -37.6875  
1271 -50.5625  
1272 129.9375  
1273 -54.1875  
1274 55.6250  
1275 6.6250  
1276 18.5000  
1277 92.4375  
1278 72.5000  
1279 58.7500  

1280 77.3750  
1281 71.6875  
1282 44.2500  
1283 40.6875  
1284 152.7500  
1285 94.6250  
1286 46.4375  
1287 119.4375  
1288 32.6250  
1289 58.6250  

1290 26.0000  
1291 25.5000  
1292 68.6250  
1293 72.6875  
1294 70.4375  
1295 105.1875  
1296 84.6875  
1297 -12.6875  
1298 107.3125  
1299 -43.7500  

1300 -24.1250  
1301 22.4375  
1302 50.2500  
1303 12.0625  
1304 -10.0625  
1305 171.9375  
1306 67.7500  
1307 32.6250  
1308 43.5625  
1309 52.7500  

1310 -6.6875  
1311 41.1875  
1312 -21.9375  
1313 8.3750  
1314 -11.5000  
1315 147.3125  
1316 102.7500  
1317 135.4375  
1318 130.6875  
1319 56.1875  

1320 116.5000  
1321 133.2500  
1322 42.0000  
1323 -5.2500  
1324 52.8750  
1325 -2.6250  
1326 66.7500  
1327 54.0625  
1328 29.5000  
1329 26.0625  

1330 0.0000  
1331 -17.8750  
1332 -113.5625  
1333 -22.1875  
1334 -15.3750  
1335 -119.6250  
1336 33.1250  
1337 38.1875  
1338 -4.4375  
1339 -4.0625  

1340 100.2500  
1341 68.8750  
1342 31.0000  
1343 75.8125  
1344 84.7500  
1345 70.5000  
1346 53.4375  
1347 84.2500  
1348 23.6875  
1349 -20.6875  

1350 -19.1250  
1351 -23.7500  
1352 41.5000  
1353 -11.1875  
1354 57.0625  
1355 -2.1875  
1356 6.2500  
1357 -46.2500  
1358 95.1875  
1359 -46.0625  

1360 -7.6875  
1361 14.3750  
1362 -22.9375  
1363 -8.4375  
1364 -48.1875  
1365 -5.6875  
1366 -65.0625  
1367 -13.5625  
1368 -26.6250  
1369 5.5000  

1370 -60.3125  
1371 8.2500  
1372 103.4375  
1373 17.6875  
1374 -33.2500  
1375 113.3125  
1376 103.1250  
1377 15.7500  
1378 55.3750  
1379 19.6875  

1380 -1.0625  
1381 49.6250  
1382 82.5000  
1383 103.1250  
1384 32.8750  
1385 24.4375  
1386 98.6250  
1387 99.5000  
1388 70.3125  
1389 -15.0000  

1390 44.0625  
1391 -32.3750  
1392 -75.5000  
1393 -27.5625  
1394 -50.2500  
1395 -59.8125  
1396 10.4375  
1397 47.3750  
1398 1.8750  
1399 125.7500  

1400 101.3750  
1401 82.3750  
1402 41.0625  
1403 71.0625  
1404 79.0625  
1405 149.9375  
1406 71.6250  
1407 97.1875  
1408 72.1875  
1409 50.7500  

1410 72.3750  
1411 17.0625  
1412 -50.3750  
1413 -33.9375  
1414 -79.9375  
1415 26.8750  
1416 20.6875  
1417 -68.3125  
1418 43.3125  
1419 63.9375  

1420 39.3750  
1421 -2.3125  
1422 54.1250  
1423 14.8750  
1424 8.4375  
1425 72.2500  
1426 35.1250  
1427 48.8125  
1428 26.0625  
1429 60.4375  

1430 -6.6875  
1431 52.1250  
1432 -53.2500  
1433 -71.6250  
1434 23.6875  
1435 -2.2500  
1436 46.7500  
1437 18.6250  
1438 100.5625  
1439 131.0000  

1440 36.6250  
1441 137.2500  
1442 126.0625  
1443 117.8750  
1444 86.3750  
1445 -18.5625  
1446 -59.2500  
1447 40.9375  
1448 32.0000  
1449 -33.1250  

1450 29.9375  
1451 -14.9375  
1452 -72.4375  
1453 73.7500  
1454 103.4375  
1455 114.8750  
1456 92.6875  
1457 69.9375  
1458 143.3750  
1459 24.1250  

1460 128.9375  
1461 86.3750  
1462 136.3750  
1463 64.4375  
1464 63.8750  
1465 85.1250  
1466 112.7500  
1467 63.0625  
1468 17.6875  
1469 -53.3125  

1470 -47.6875  
1471 49.3125  
1472 63.9375  
1473 7.5000  
1474 16.0625  
1475 9.3125  
1476 124.0000  
1477 -41.1250  
1478 -3.3125  
1479 -73.7500  

1480 -74.4375  
1481 53.4375  
1482 87.3750  
1483 -19.8125  
1484 80.3750  
1485 54.8750  
1486 67.3125  
1487 52.1875  
1488 -52.0000  
1489 26.5000  

1490 15.2500  
1491 84.0625  
1492 -3.0000  
1493 21.3750  
1494 31.6250  
1495 6.1250  
1496 -24.3125  
1497 -28.0000  
1498 62.0625  
1499 57.5000  

1500 41.8750  
1501 104.1875  
1502 50.8750  
1503 83.7500  
1504 -78.6875  
1505 -33.1250  
1506 26.3750  
1507 -10.8125  
1508 -20.8750  
1509 29.6250  

1510 -2.1875  
1511 90.8125  
1512 28.1875  
1513 106.6250  
1514 41.1875  
1515 2.5000  
1516 20.3125  
1517 90.4375  
1518 65.9375  
1519 -2.2500  

1520 137.4375  
1521 64.1250  
1522 135.8750  
1523 0.7500  
1524 -27.1875  
1525 21.5000  
1526 112.5000  
1527 -47.1875  
1528 14.3125  
1529 111.0625  

1530 69.5000  
1531 8.0000  
1532 -59.8750  
1533 21.0625  
1534 -63.3125  
1535 0.5000  
1536 101.3750  
1537 52.8125  
1538 53.3125  
1539 -3.6250  

1540 -4.8125  
1541 160.0000  
1542 102.1250  
1543 124.0000  
1544 37.1875  
1545 124.3750  
1546 133.1250  
1547 56.0625  
1548 167.8125  
1549 21.5625  

1550 80.1875  
1551 17.3125  
1552 35.4375  
1553 129.7500  
1554 23.5625  
1555 10.0625  
1556 45.8750  
1557 49.8125  
1558 49.8125  
1559 109.7500  

1560 66.6875  
1561 152.7500  
1562 42.8125  
1563 65.6250  
1564 126.5625  
1565 72.1875  
1566 -19.0000  
1567 183.8125  
1568 204.5000  
1569 61.9375  

1570 -57.5625  
1571 105.4375  
1572 207.5625  
1573 10.7500  
1574 73.6250  
1575 23.3125  
1576 93.9375  
1577 106.7500  
1578 91.3750  
1579 80.8750  

1580 59.4375  
1581 41.0625  
1582 121.0625  
1583 -20.6875  
1584 16.4375  
1585 43.3750  
1586 -5.4375  
1587 17.1875  
1588 -21.0000  
1589 94.1250  

1590 16.7500  
1591 54.7500  
1592 83.3750  
1593 16.0000  
1594 62.1250  
1595 106.6250  
1596 162.5000  
1597 27.2500  
1598 89.8125  
1599 62.0000  

1600 129.0625  
1601 79.8125  
1602 71.7500  
1603 42.9375  
1604 106.3125  
1605 94.8750  
1606 51.3750  
1607 43.9375  
1608 -23.3750  
1609 -71.6875  

1610 -46.8125  
1611 -81.7500  
1612 -107.8125  
1613 7.3750  
1614 -33.0000  
1615 9.0000  
1616 -20.9375  
1617 13.6250  
1618 99.6875  
1619 29.8750  

1620 12.9375  
1621 32.6250  
1622 37.2500  
1623 19.7500  
1624 105.0000  
1625 112.0000  
1626 43.3125  
1627 43.1250  
1628 34.0000  
1629 35.2500  

1630 -39.6875  
1631 -8.9375  
1632 100.5625  
1633 89.8125  
1634 120.9375  
1635 11.5625  
1636 24.4375  
1637 1.6875  
1638 43.4375  
1639 31.0000  

1640 9.4375  
1641 4.0000  
1642 52.0000  
1643 161.5000  
1644 103.5625  
1645 118.3125  
1646 119.2500  
1647 165.4375  
1648 70.6875  
1649 99.6875  

1650 122.3750  
1651 -32.0000  
1652 31.7500  
1653 99.2500  
1654 -16.7500  
1655 90.0000  
1656 -44.5625  
1657 82.9375  
1658 73.0625  
1659 23.5000  

1660 82.0625  
1661 27.1875  
1662 51.4375  
1663 41.0625  
1664 86.4375  
1665 138.5625  
1666 26.1875  
1667 94.6250  
1668 53.9375  
1669 135.1875  

1670 132.4375  
1671 40.7500  
1672 115.8750  
1673 -5.0625  
1674 -5.1875  
1675 31.7500  
1676 64.3750  
1677 109.1250  
1678 101.4375  
1679 -20.2500  

1680 74.7500  
1681 29.1250  
1682 25.1250  
1683 93.6250  
1684 8.5000  
1685 53.0625  
1686 135.5000  
1687 160.2500  
1688 136.3125  
1689 -94.1875  

1690 107.7500  
1691 43.4375  
1692 147.3750  
1693 88.0000  
1694 26.5625  
1695 87.9375  
1696 57.4375  
1697 50.5625  
1698 97.7500  
1699 92.3750  

1700 60.2500  
1701 -44.1875  
1702 81.6875  
1703 46.8125  
1704 39.9375  
1705 81.3750  
1706 -16.3125  
1707 24.6250  
1708 20.7500  
1709 25.4375  

1710 12.5625  
1711 35.5625  
1712 74.0000  
1713 53.3750  
1714 33.5000  
1715 43.2500  
1716 49.1875  
1717 -40.8750  
1718 155.2500  
1719 91.3125  

1720 100.9375  
1721 139.1250  
1722 45.6875  
1723 60.0000  
1724 87.4375  
1725 51.0625  
1726 59.3125  
1727 51.3125  
1728 -39.0000  
1729 20.3125  

1730 152.4375  
1731 57.5625  
1732 36.8125  
1733 37.4375  
1734 80.1875  
1735 30.7500  
1736 99.3750  
1737 -1.0625  
1738 -69.6250  
1739 -15.0625  

1740 50.6250  
1741 26.1875  
1742 105.5000  
1743 -9.0000  
1744 57.7500  
1745 -48.8750  
1746 79.6250  
1747 -5.1250  
1748 60.4375  
1749 96.3750  

1750 225.8125  
1751 62.0625  
1752 68.7500  
1753 48.7500  
1754 63.1250  
1755 87.8125  
1756 65.3125  
1757 71.5625  
1758 91.5000  
1759 126.9375  

1760 104.5625  
1761 76.5625  
1762 134.0625  
1763 144.5000  
1764 46.3125  
1765 124.3125  
1766 95.8125  
1767 7.5625  
1768 25.5000  
1769 -33.9375  

1770 41.1250  
1771 50.0625  
1772 65.4375  
1773 -1.5625  
1774 -10.6875  
1775 27.4375  
1776 39.1875  
1777 131.0625  
1778 93.1875  
1779 69.0000  

1780 116.8125  
1781 73.0625  
1782 73.1250  
1783 92.3125  
1784 48.9375  
1785 61.5625  
1786 67.5625  
1787 103.1875  
1788 57.9375  
1789 -24.9375  

1790 52.0000  
1791 29.9375  
1792 -34.6250  
1793 -12.2500  
1794 42.1875  
1795 -28.1250  
1796 -41.3750  
1797 17.3750  
1798 -11.3125  
1799 -50.2500  

1800 4.2500  
1801 97.2500  
1802 74.8750  
1803 55.5000  
1804 68.1250  
1805 6.5625  
1806 -27.3750  
1807 4.8125  
1808 6.3750  
1809 -73.5000  

1810 102.9375  
1811 -5.0000  
1812 101.8750  
1813 -33.1250  
1814 35.6250  
1815 -28.0000  
1816 -2.4375  
1817 79.5625  
1818 -52.0625  
1819 -19.0000  

1820 35.4375  
1821 43.4375  
1822 95.5625  
1823 -42.6875  
1824 68.5625  
1825 -16.6250  
1826 -13.0625  
1827 125.9375  
1828 67.1875  
1829 103.3125  

1830 107.8750  
1831 80.8750  
1832 39.2500  
1833 55.6250  
1834 73.6875  
1835 52.3125  
1836 58.2500  
1837 6.9375  
1838 46.3125  
1839 40.8125  

1840 9.8750  
1841 13.0625  
1842 -56.5625  
1843 5.2500  
1844 17.4375  
1845 29.9375  
1846 -19.5000  
1847 127.2500  
1848 18.9375  
1849 91.7500  

1850 48.3125  
1851 58.5000  
1852 35.6875  
1853 97.8750  
1854 118.1250  
1855 36.2500  
1856 73.2500  
1857 86.3750  
1858 -29.6875  
1859 6.8125  

1860 19.6250  
1861 14.6250  
1862 20.8125  
1863 -21.5000  
1864 44.0625  
1865 70.0625  
1866 114.3125  
1867 35.4375  
1868 87.0000  
1869 47.0000  

1870 64.2500  
1871 85.5000  
1872 90.0625  
1873 -8.8125  
1874 67.3125  
1875 81.6875  
1876 -32.9375  
1877 68.3125  
1878 40.5625  
1879 61.7500  

1880 137.4375  
1881 62.8750  
1882 45.5000  
1883 61.0000  
1884 66.4375  
1885 31.7500  
1886 -30.2500  
1887 81.1875  
1888 96.9375  
1889 21.3750  

1890 70.8750  
1891 59.5000  
1892 -20.3750  
1893 -28.6875  
1894 63.0000  
1895 11.2500  
1896 59.9375  
1897 -7.6875  
1898 33.3750  
1899 104.1875  

1900 106.0000  
1901 38.6875  
1902 56.8750  
1903 26.6875  
1904 -6.0000  
1905 -51.8125  
1906 -93.4375  
1907 -33.0625  
1908 3.5625  
1909 -108.6250  

1910 -17.3125  
1911 -115.5625  
1912 -4.6875  
1913 -85.6250  
1914 -0.5625  
1915 8.5625  
1916 152.6875  
1917 3.5000  
1918 55.5000  
1919 76.7500  

1920 91.3750  
1921 49.1875  
1922 88.3125  
1923 152.5625  
1924 101.8125  
1925 76.0000  
1926 6.5625  
1927 54.9375  
1928 14.6875  
1929 5.0000  

1930 18.8125  
1931 9.5000  
1932 2.5625  
1933 26.2500  
1934 35.5625  
1935 0.9375  
1936 34.0000  
1937 36.1250  
1938 56.6875  
1939 31.2500  

1940 75.7500  
1941 78.3750  
1942 -33.8750  
1943 107.1875  
1944 114.3125  
1945 8.5000  
1946 127.8750  
1947 93.3125  
1948 -18.6250  
1949 80.7500  

1950 97.6250  
1951 124.0625  
1952 15.5625  
1953 72.2500  
1954 105.9375  
1955 71.5625  
1956 53.2500  
1957 59.0625  
1958 5.4375  
1959 62.7500  

1960 -9.7500  
1961 -2.4375  
1962 30.1875  
1963 103.5625  
1964 -13.6250  
1965 43.3125  
1966 85.7500  
1967 72.1250  
1968 51.1250  
1969 -7.1875  

1970 74.0625  
1971 29.3750  
1972 92.4375  
1973 7.3750  
1974 18.8125  
1975 80.0625  
1976 112.3125  
1977 -51.3750  
1978 52.6875  
1979 24.2500  

1980 82.6875  
1981 96.6250  
1982 55.0000  
1983 75.4375  
1984 40.3750  
1985 74.9375  
1986 -42.6875  
1987 16.0625  
1988 28.6875  
1989 29.7500  

1990 21.0000  
1991 -33.3750  
1992 -64.8750  
1993 30.1250  
1994 -10.0625  
1995 -73.3125  
1996 17.6250  
1997 17.4375  
1998 -27.7500  
1999 166.5000  

2000 -56.0000  
2001 -47.9375  
2002 31.5000  
2003 -18.0625  
2004 -55.6250  
2005 90.0000  
2006 70.5000  
2007 14.6250  
2008 -4.4375  
2009 -57.3750  

2010 -25.3750  
2011 -65.5000  
2012 -18.8125  
2013 -50.1250  
2014 38.7500  
2015 22.8125  
2016 33.5000  
2017 96.7500  
2018 55.8750  
2019 133.6250  

2020 27.3750  
2021 22.5625  
2022 109.1875  
2023 48.3750  
2024 45.9375  
2025 69.6250  
2026 -7.6250  
2027 32.6250  
2028 58.0625  
2029 47.3125  

2030 53.3125  
2031 -40.8750  
2032 92.3750  
2033 52.1250  
2034 36.6250  
2035 -23.1250  
2036 8.1875  
2037 161.0625  
2038 79.5625  
2039 33.0000  

2040 71.8125  
2041 179.3125  
2042 84.5625  
2043 -14.8750  
2044 76.7500  
2045 75.5000  
2046 128.1875  
2047 68.4375  
Software Computed Stats: Smallest Val -143	LV_addr 123	HV_addr 2047	Mean 46.2500	Range 1925
	 Software Runtime for histogram with pndiff values 391 us

	Hardware Runtime 395 us

	Hardware Transfer Out time 2240 us

HISTOGRAM VALUES:
(   0)   1  (   1)   0  (   2)   0  (   3)   0  (   4)   0  (   5)   0  (   6)   0  (   7)   0  (   8)   0  (   9)   0  
(  10)   0  (  11)   0  (  12)   0  (  13)   0  (  14)   0  (  15)   0  (  16)   0  (  17)   2  (  18)   0  (  19)   0  
(  20)   0  (  21)   0  (  22)   0  (  23)   0  (  24)   1  (  25)   0  (  26)   0  (  27)   1  (  28)   1  (  29)   0  
(  30)   1  (  31)   0  (  32)   1  (  33)   0  (  34)   1  (  35)   3  (  36)   1  (  37)   0  (  38)   0  (  39)   1  
(  40)   0  (  41)   0  (  42)   0  (  43)   0  (  44)   0  (  45)   1  (  46)   1  (  47)   2  (  48)   1  (  49)   1  
(  50)   1  (  51)   0  (  52)   0  (  53)   1  (  54)   0  (  55)   1  (  56)   0  (  57)   0  (  58)   2  (  59)   1  
(  60)   0  (  61)   1  (  62)   2  (  63)   1  (  64)   1  (  65)   2  (  66)   1  (  67)   2  (  68)   4  (  69)   2  
(  70)   4  (  71)   1  (  72)   2  (  73)   1  (  74)   3  (  75)   3  (  76)   0  (  77)   3  (  78)   2  (  79)   2  
(  80)   1  (  81)   1  (  82)   2  (  83)   1  (  84)   7  (  85)   0  (  86)   4  (  87)   5  (  88)   6  (  89)   4  
(  90)   5  (  91)   3  (  92)   5  (  93)  10  (  94)   1  (  95)   5  (  96)   6  (  97)   7  (  98)   3  (  99)   5  
( 100)   3  ( 101)   2  ( 102)   4  ( 103)   2  ( 104)   3  ( 105)   1  ( 106)   4  ( 107)   5  ( 108)   1  ( 109)   8  
( 110)  11  ( 111)   4  ( 112)   2  ( 113)   7  ( 114)   5  ( 115)   5  ( 116)   8  ( 117)   3  ( 118)   3  ( 119)   6  
( 120)   8  ( 121)   5  ( 122)  11  ( 123)  12  ( 124)  10  ( 125)   7  ( 126)   8  ( 127)   6  ( 128)   6  ( 129)   4  
( 130)   9  ( 131)  10  ( 132)   9  ( 133)   8  ( 134)   6  ( 135)   8  ( 136)  11  ( 137)  12  ( 138)  14  ( 139)  10  
( 140)   9  ( 141)  10  ( 142)  12  ( 143)  13  ( 144)  10  ( 145)   6  ( 146)   6  ( 147)  13  ( 148)  11  ( 149)  15  
( 150)   9  ( 151)  15  ( 152)  12  ( 153)   8  ( 154)  11  ( 155)  11  ( 156)   8  ( 157)  15  ( 158)  11  ( 159)  11  
( 160)  23  ( 161)  17  ( 162)  15  ( 163)  10  ( 164)   9  ( 165)   9  ( 166)  10  ( 167)  12  ( 168)   7  ( 169)  18  
( 170)  12  ( 171)  13  ( 172)  15  ( 173)  14  ( 174)  15  ( 175)  17  ( 176)  18  ( 177)  10  ( 178)  17  ( 179)   7  
( 180)  14  ( 181)  10  ( 182)   9  ( 183)  11  ( 184)  22  ( 185)  13  ( 186)  19  ( 187)  14  ( 188)  13  ( 189)  17  
( 190)  10  ( 191)  11  ( 192)  16  ( 193)  13  ( 194)  13  ( 195)  23  ( 196)  19  ( 197)  13  ( 198)  15  ( 199)  13  
( 200)  12  ( 201)  13  ( 202)  20  ( 203)  16  ( 204)   8  ( 205)  14  ( 206)  14  ( 207)  11  ( 208)   9  ( 209)  12  
( 210)  14  ( 211)  13  ( 212)  15  ( 213)  18  ( 214)  19  ( 215)  16  ( 216)   9  ( 217)  17  ( 218)  11  ( 219)  10  
( 220)   4  ( 221)  12  ( 222)   8  ( 223)  13  ( 224)  10  ( 225)  12  ( 226)   7  ( 227)  12  ( 228)   9  ( 229)   9  
( 230)  11  ( 231)  10  ( 232)   7  ( 233)  10  ( 234)  13  ( 235)  10  ( 236)  11  ( 237)  12  ( 238)  12  ( 239)  16  
( 240)   8  ( 241)   5  ( 242)   7  ( 243)   6  ( 244)   7  ( 245)  13  ( 246)  12  ( 247)   7  ( 248)  10  ( 249)  14  
( 250)  13  ( 251)   6  ( 252)   3  ( 253)   4  ( 254)   7  ( 255)   8  ( 256)   8  ( 257)   6  ( 258)   4  ( 259)   6  
( 260)   5  ( 261)   5  ( 262)   5  ( 263)   9  ( 264)   7  ( 265)   3  ( 266)   2  ( 267)  13  ( 268)   8  ( 269)   5  
( 270)   4  ( 271)   7  ( 272)   5  ( 273)   4  ( 274)   6  ( 275)   4  ( 276)   3  ( 277)   3  ( 278)   4  ( 279)   3  
( 280)   5  ( 281)   3  ( 282)   9  ( 283)   1  ( 284)   2  ( 285)   4  ( 286)   7  ( 287)   6  ( 288)   2  ( 289)   6  
( 290)   5  ( 291)   3  ( 292)   1  ( 293)   1  ( 294)   3  ( 295)   6  ( 296)   4  ( 297)   2  ( 298)   4  ( 299)   1  
( 300)   1  ( 301)   1  ( 302)   1  ( 303)   3  ( 304)   6  ( 305)   4  ( 306)   3  ( 307)   2  ( 308)   2  ( 309)   2  
( 310)   2  ( 311)   0  ( 312)   1  ( 313)   1  ( 314)   4  ( 315)   2  ( 316)   0  ( 317)   0  ( 318)   0  ( 319)   1  
( 320)   1  ( 321)   0  ( 322)   1  ( 323)   0  ( 324)   1  ( 325)   0  ( 326)   2  ( 327)   0  ( 328)   1  ( 329)   0  
( 330)   0  ( 331)   1  ( 332)   1  ( 333)   0  ( 334)   0  ( 335)   0  ( 336)   1  ( 337)   1  ( 338)   0  ( 339)   1  
( 340)   1  ( 341)   1  ( 342)   0  ( 343)   0  ( 344)   0  ( 345)   0  ( 346)   0  ( 347)   2  ( 348)   1  ( 349)   1  
( 350)   1  ( 351)   0  ( 352)   0  ( 353)   0  ( 354)   0  ( 355)   0  ( 356)   0  ( 357)   0  ( 358)   1  ( 359)   0  
( 360)   1  ( 361)   0  ( 362)   0  ( 363)   0  ( 364)   0  ( 365)   0  ( 366)   0  ( 367)   0  ( 368)   1  ( 369)   0  
( 370)   0  ( 371)   1  ( 372)   0  ( 373)   0  ( 374)   0  ( 375)   0  ( 376)   0  ( 377)   0  ( 378)   0  ( 379)   0  
( 380)   0  ( 381)   0  ( 382)   0  ( 383)   0  ( 384)   0  ( 385)   0  ( 386)   0  ( 387)   0  ( 388)   0  ( 389)   0  
( 390)   0  ( 391)   0  ( 392)   0  ( 393)   0  ( 394)   0  ( 395)   0  ( 396)   0  ( 397)   0  ( 398)   0  ( 399)   0  
( 400)   0  ( 401)   0  ( 402)   0  ( 403)   0  ( 404)   0  ( 405)   0  ( 406)   0  ( 407)   0  ( 408)   0  ( 409)   0  
( 410)   0  ( 411)   0  ( 412)   0  ( 413)   0  ( 414)   0  ( 415)   0  ( 416)   0  ( 417)   0  ( 418)   0  ( 419)   0  
( 420)   0  ( 421)   0  ( 422)   0  ( 423)   0  ( 424)   0  ( 425)   0  ( 426)   0  ( 427)   0  ( 428)   0  ( 429)   0  
( 430)   0  ( 431)   0  ( 432)   0  ( 433)   0  ( 434)   0  ( 435)   0  ( 436)   0  ( 437)   0  ( 438)   0  ( 439)   0  
( 440)   0  ( 441)   0  ( 442)   0  ( 443)   0  ( 444)   0  ( 445)   0  ( 446)   0  ( 447)   0  ( 448)   0  ( 449)   0  
( 450)   0  ( 451)   0  ( 452)   0  ( 453)   0  ( 454)   0  ( 455)   0  ( 456)   0  ( 457)   0  ( 458)   0  ( 459)   0  
( 460)   0  ( 461)   0  ( 462)   0  ( 463)   0  ( 464)   0  ( 465)   0  ( 466)   0  ( 467)   0  ( 468)   0  ( 469)   0  
( 470)   0  ( 471)   0  ( 472)   0  ( 473)   0  ( 474)   0  ( 475)   0  ( 476)   0  ( 477)   0  ( 478)   0  ( 479)   0  
( 480)   0  ( 481)   0  ( 482)   0  ( 483)   0  ( 484)   0  ( 485)   0  ( 486)   0  ( 487)   0  ( 488)   0  ( 489)   0  
( 490)   0  ( 491)   0  ( 492)   0  ( 493)   0  ( 494)   0  ( 495)   0  ( 496)   0  ( 497)   0  ( 498)   0  ( 499)   0  
( 500)   0  ( 501)   0  ( 502)   0  ( 503)   0  ( 504)   0  ( 505)   0  ( 506)   0  ( 507)   0  ( 508)   0  ( 509)   0  
( 510)   0  ( 511)   0  ( 512)   0  ( 513)   0  ( 514)   0  ( 515)   0  ( 516)   0  ( 517)   0  ( 518)   0  ( 519)   0  
( 520)   0  ( 521)   0  ( 522)   0  ( 523)   0  ( 524)   0  ( 525)   0  ( 526)   0  ( 527)   0  ( 528)   0  ( 529)   0  
( 530)   0  ( 531)   0  ( 532)   0  ( 533)   0  ( 534)   0  ( 535)   0  ( 536)   0  ( 537)   0  ( 538)   0  ( 539)   0  
( 540)   0  ( 541)   0  ( 542)   0  ( 543)   0  ( 544)   0  ( 545)   0  ( 546)   0  ( 547)   0  ( 548)   0  ( 549)   0  
( 550)   0  ( 551)   0  ( 552)   0  ( 553)   0  ( 554)   0  ( 555)   0  ( 556)   0  ( 557)   0  ( 558)   0  ( 559)   0  
( 560)   0  ( 561)   0  ( 562)   0  ( 563)   0  ( 564)   0  ( 565)   0  ( 566)   0  ( 567)   0  ( 568)   0  ( 569)   0  
( 570)   0  ( 571)   0  ( 572)   0  ( 573)   0  ( 574)   0  ( 575)   0  ( 576)   0  ( 577)   0  ( 578)   0  ( 579)   0  
( 580)   0  ( 581)   0  ( 582)   0  ( 583)   0  ( 584)   0  ( 585)   0  ( 586)   0  ( 587)   0  ( 588)   0  ( 589)   0  
( 590)   0  ( 591)   0  ( 592)   0  ( 593)   0  ( 594)   0  ( 595)   0  ( 596)   0  ( 597)   0  ( 598)   0  ( 599)   0  
( 600)   0  ( 601)   0  ( 602)   0  ( 603)   0  ( 604)   0  ( 605)   0  ( 606)   0  ( 607)   0  ( 608)   0  ( 609)   0  
( 610)   0  ( 611)   0  ( 612)   0  ( 613)   0  ( 614)   0  ( 615)   0  ( 616)   0  ( 617)   0  ( 618)   0  ( 619)   0  
( 620)   0  ( 621)   0  ( 622)   0  ( 623)   0  ( 624)   0  ( 625)   0  ( 626)   0  ( 627)   0  ( 628)   0  ( 629)   0  
( 630)   0  ( 631)   0  ( 632)   0  ( 633)   0  ( 634)   0  ( 635)   0  ( 636)   0  ( 637)   0  ( 638)   0  ( 639)   0  
( 640)   0  ( 641)   0  ( 642)   0  ( 643)   0  ( 644)   0  ( 645)   0  ( 646)   0  ( 647)   0  ( 648)   0  ( 649)   0  
( 650)   0  ( 651)   0  ( 652)   0  ( 653)   0  ( 654)   0  ( 655)   0  ( 656)   0  ( 657)   0  ( 658)   0  ( 659)   0  
( 660)   0  ( 661)   0  ( 662)   0  ( 663)   0  ( 664)   0  ( 665)   0  ( 666)   0  ( 667)   0  ( 668)   0  ( 669)   0  
( 670)   0  ( 671)   0  ( 672)   0  ( 673)   0  ( 674)   0  ( 675)   0  ( 676)   0  ( 677)   0  ( 678)   0  ( 679)   0  
( 680)   0  ( 681)   0  ( 682)   0  ( 683)   0  ( 684)   0  ( 685)   0  ( 686)   0  ( 687)   0  ( 688)   0  ( 689)   0  
( 690)   0  ( 691)   0  ( 692)   0  ( 693)   0  ( 694)   0  ( 695)   0  ( 696)   0  ( 697)   0  ( 698)   0  ( 699)   0  
( 700)   0  ( 701)   0  ( 702)   0  ( 703)   0  ( 704)   0  ( 705)   0  ( 706)   0  ( 707)   0  ( 708)   0  ( 709)   0  
( 710)   0  ( 711)   0  ( 712)   0  ( 713)   0  ( 714)   0  ( 715)   0  ( 716)   0  ( 717)   0  ( 718)   0  ( 719)   0  
( 720)   0  ( 721)   0  ( 722)   0  ( 723)   0  ( 724)   0  ( 725)   0  ( 726)   0  ( 727)   0  ( 728)   0  ( 729)   0  
( 730)   0  ( 731)   0  ( 732)   0  ( 733)   0  ( 734)   0  ( 735)   0  ( 736)   0  ( 737)   0  ( 738)   0  ( 739)   0  
( 740)   0  ( 741)   0  ( 742)   0  ( 743)   0  ( 744)   0  ( 745)   0  ( 746)   0  ( 747)   0  ( 748)   0  ( 749)   0  
( 750)   0  ( 751)   0  ( 752)   0  ( 753)   0  ( 754)   0  ( 755)   0  ( 756)   0  ( 757)   0  ( 758)   0  ( 759)   0  
( 760)   0  ( 761)   0  ( 762)   0  ( 763)   0  ( 764)   0  ( 765)   0  ( 766)   0  ( 767)   0  ( 768)   0  ( 769)   0  
( 770)   0  ( 771)   0  ( 772)   0  ( 773)   0  ( 774)   0  ( 775)   0  ( 776)   0  ( 777)   0  ( 778)   0  ( 779)   0  
( 780)   0  ( 781)   0  ( 782)   0  ( 783)   0  ( 784)   0  ( 785)   0  ( 786)   0  ( 787)   0  ( 788)   0  ( 789)   0  
( 790)   0  ( 791)   0  ( 792)   0  ( 793)   0  ( 794)   0  ( 795)   0  ( 796)   0  ( 797)   0  ( 798)   0  ( 799)   0  
( 800)   0  ( 801)   0  ( 802)   0  ( 803)   0  ( 804)   0  ( 805)   0  ( 806)   0  ( 807)   0  ( 808)   0  ( 809)   0  
( 810)   0  ( 811)   0  ( 812)   0  ( 813)   0  ( 814)   0  ( 815)   0  ( 816)   0  ( 817)   0  ( 818)   0  ( 819)   0  
( 820)   0  ( 821)   0  ( 822)   0  ( 823)   0  ( 824)   0  ( 825)   0  ( 826)   0  ( 827)   0  ( 828)   0  ( 829)   0  
( 830)   0  ( 831)   0  ( 832)   0  ( 833)   0  ( 834)   0  ( 835)   0  ( 836)   0  ( 837)   0  ( 838)   0  ( 839)   0  
( 840)   0  ( 841)   0  ( 842)   0  ( 843)   0  ( 844)   0  ( 845)   0  ( 846)   0  ( 847)   0  ( 848)   0  ( 849)   0  
( 850)   0  ( 851)   0  ( 852)   0  ( 853)   0  ( 854)   0  ( 855)   0  ( 856)   0  ( 857)   0  ( 858)   0  ( 859)   0  
( 860)   0  ( 861)   0  ( 862)   0  ( 863)   0  ( 864)   0  ( 865)   0  ( 866)   0  ( 867)   0  ( 868)   0  ( 869)   0  
( 870)   0  ( 871)   0  ( 872)   0  ( 873)   0  ( 874)   0  ( 875)   0  ( 876)   0  ( 877)   0  ( 878)   0  ( 879)   0  
( 880)   0  ( 881)   0  ( 882)   0  ( 883)   0  ( 884)   0  ( 885)   0  ( 886)   0  ( 887)   0  ( 888)   0  ( 889)   0  
( 890)   0  ( 891)   0  ( 892)   0  ( 893)   0  ( 894)   0  ( 895)   0  ( 896)   0  ( 897)   0  ( 898)   0  ( 899)   0  
( 900)   0  ( 901)   0  ( 902)   0  ( 903)   0  ( 904)   0  ( 905)   0  ( 906)   0  ( 907)   0  ( 908)   0  ( 909)   0  
( 910)   0  ( 911)   0  ( 912)   0  ( 913)   0  ( 914)   0  ( 915)   0  ( 916)   0  ( 917)   0  ( 918)   0  ( 919)   0  
( 920)   0  ( 921)   0  ( 922)   0  ( 923)   0  ( 924)   0  ( 925)   0  ( 926)   0  ( 927)   0  ( 928)   0  ( 929)   0  
( 930)   0  ( 931)   0  ( 932)   0  ( 933)   0  ( 934)   0  ( 935)   0  ( 936)   0  ( 937)   0  ( 938)   0  ( 939)   0  
( 940)   0  ( 941)   0  ( 942)   0  ( 943)   0  ( 944)   0  ( 945)   0  ( 946)   0  ( 947)   0  ( 948)   0  ( 949)   0  
( 950)   0  ( 951)   0  ( 952)   0  ( 953)   0  ( 954)   0  ( 955)   0  ( 956)   0  ( 957)   0  ( 958)   0  ( 959)   0  
( 960)   0  ( 961)   0  ( 962)   0  ( 963)   0  ( 964)   0  ( 965)   0  ( 966)   0  ( 967)   0  ( 968)   0  ( 969)   0  
( 970)   0  ( 971)   0  ( 972)   0  ( 973)   0  ( 974)   0  ( 975)   0  ( 976)   0  ( 977)   0  ( 978)   0  ( 979)   0  
( 980)   0  ( 981)   0  ( 982)   0  ( 983)   0  ( 984)   0  ( 985)   0  ( 986)   0  ( 987)   0  ( 988)   0  ( 989)   0  
( 990)   0  ( 991)   0  ( 992)   0  ( 993)   0  ( 994)   0  ( 995)   0  ( 996)   0  ( 997)   0  ( 998)   0  ( 999)   0  
(1000)   0  (1001)   0  (1002)   0  (1003)   0  (1004)   0  (1005)   0  (1006)   0  (1007)   0  (1008)   0  (1009)   0  
(1010)   0  (1011)   0  (1012)   0  (1013)   0  (1014)   0  (1015)   0  (1016)   0  (1017)   0  (1018)   0  (1019)   0  
(1020)   0  (1021)   0  (1022)   0  (1023)   0  (1024)   0  (1025)   0  (1026)   0  (1027)   0  (1028)   0  (1029)   0  
(1030)   0  (1031)   0  (1032)   0  (1033)   0  (1034)   0  (1035)   0  (1036)   0  (1037)   0  (1038)   0  (1039)   0  
(1040)   0  (1041)   0  (1042)   0  (1043)   0  (1044)   0  (1045)   0  (1046)   0  (1047)   0  (1048)   0  (1049)   0  
(1050)   0  (1051)   0  (1052)   0  (1053)   0  (1054)   0  (1055)   0  (1056)   0  (1057)   0  (1058)   0  (1059)   0  
(1060)   0  (1061)   0  (1062)   0  (1063)   0  (1064)   0  (1065)   0  (1066)   0  (1067)   0  (1068)   0  (1069)   0  
(1070)   0  (1071)   0  (1072)   0  (1073)   0  (1074)   0  (1075)   0  (1076)   0  (1077)   0  (1078)   0  (1079)   0  
(1080)   0  (1081)   0  (1082)   0  (1083)   0  (1084)   0  (1085)   0  (1086)   0  (1087)   0  (1088)   0  (1089)   0  
(1090)   0  (1091)   0  (1092)   0  (1093)   0  (1094)   0  (1095)   0  (1096)   0  (1097)   0  (1098)   0  (1099)   0  
(1100)   0  (1101)   0  (1102)   0  (1103)   0  (1104)   0  (1105)   0  (1106)   0  (1107)   0  (1108)   0  (1109)   0  
(1110)   0  (1111)   0  (1112)   0  (1113)   0  (1114)   0  (1115)   0  (1116)   0  (1117)   0  (1118)   0  (1119)   0  
(1120)   0  (1121)   0  (1122)   0  (1123)   0  (1124)   0  (1125)   0  (1126)   0  (1127)   0  (1128)   0  (1129)   0  
(1130)   0  (1131)   0  (1132)   0  (1133)   0  (1134)   0  (1135)   0  (1136)   0  (1137)   0  (1138)   0  (1139)   0  
(1140)   0  (1141)   0  (1142)   0  (1143)   0  (1144)   0  (1145)   0  (1146)   0  (1147)   0  (1148)   0  (1149)   0  
(1150)   0  (1151)   0  (1152)   0  (1153)   0  (1154)   0  (1155)   0  (1156)   0  (1157)   0  (1158)   0  (1159)   0  
(1160)   0  (1161)   0  (1162)   0  (1163)   0  (1164)   0  (1165)   0  (1166)   0  (1167)   0  (1168)   0  (1169)   0  
(1170)   0  (1171)   0  (1172)   0  (1173)   0  (1174)   0  (1175)   0  (1176)   0  (1177)   0  (1178)   0  (1179)   0  
(1180)   0  (1181)   0  (1182)   0  (1183)   0  (1184)   0  (1185)   0  (1186)   0  (1187)   0  (1188)   0  (1189)   0  
(1190)   0  (1191)   0  (1192)   0  (1193)   0  (1194)   0  (1195)   0  (1196)   0  (1197)   0  (1198)   0  (1199)   0  
(1200)   0  (1201)   0  (1202)   0  (1203)   0  (1204)   0  (1205)   0  (1206)   0  (1207)   0  (1208)   0  (1209)   0  
(1210)   0  (1211)   0  (1212)   0  (1213)   0  (1214)   0  (1215)   0  (1216)   0  (1217)   0  (1218)   0  (1219)   0  
(1220)   0  (1221)   0  (1222)   0  (1223)   0  (1224)   0  (1225)   0  (1226)   0  (1227)   0  (1228)   0  (1229)   0  
(1230)   0  (1231)   0  (1232)   0  (1233)   0  (1234)   0  (1235)   0  (1236)   0  (1237)   0  (1238)   0  (1239)   0  
(1240)   0  (1241)   0  (1242)   0  (1243)   0  (1244)   0  (1245)   0  (1246)   0  (1247)   0  (1248)   0  (1249)   0  
(1250)   0  (1251)   0  (1252)   0  (1253)   0  (1254)   0  (1255)   0  (1256)   0  (1257)   0  (1258)   0  (1259)   0  
(1260)   0  (1261)   0  (1262)   0  (1263)   0  (1264)   0  (1265)   0  (1266)   0  (1267)   0  (1268)   0  (1269)   0  
(1270)   0  (1271)   0  (1272)   0  (1273)   0  (1274)   0  (1275)   0  (1276)   0  (1277)   0  (1278)   0  (1279)   0  
(1280)   0  (1281)   0  (1282)   0  (1283)   0  (1284)   0  (1285)   0  (1286)   0  (1287)   0  (1288)   0  (1289)   0  
(1290)   0  (1291)   0  (1292)   0  (1293)   0  (1294)   0  (1295)   0  (1296)   0  (1297)   0  (1298)   0  (1299)   0  
(1300)   0  (1301)   0  (1302)   0  (1303)   0  (1304)   0  (1305)   0  (1306)   0  (1307)   0  (1308)   0  (1309)   0  
(1310)   0  (1311)   0  (1312)   0  (1313)   0  (1314)   0  (1315)   0  (1316)   0  (1317)   0  (1318)   0  (1319)   0  
(1320)   0  (1321)   0  (1322)   0  (1323)   0  (1324)   0  (1325)   0  (1326)   0  (1327)   0  (1328)   0  (1329)   0  
(1330)   0  (1331)   0  (1332)   0  (1333)   0  (1334)   0  (1335)   0  (1336)   0  (1337)   0  (1338)   0  (1339)   0  
(1340)   0  (1341)   0  (1342)   0  (1343)   0  (1344)   0  (1345)   0  (1346)   0  (1347)   0  (1348)   0  (1349)   0  
(1350)   0  (1351)   0  (1352)   0  (1353)   0  (1354)   0  (1355)   0  (1356)   0  (1357)   0  (1358)   0  (1359)   0  
(1360)   0  (1361)   0  (1362)   0  (1363)   0  (1364)   0  (1365)   0  (1366)   0  (1367)   0  (1368)   0  (1369)   0  
(1370)   0  (1371)   0  (1372)   0  (1373)   0  (1374)   0  (1375)   0  (1376)   0  (1377)   0  (1378)   0  (1379)   0  
(1380)   0  (1381)   0  (1382)   0  (1383)   0  (1384)   0  (1385)   0  (1386)   0  (1387)   0  (1388)   0  (1389)   0  
(1390)   0  (1391)   0  (1392)   0  (1393)   0  (1394)   0  (1395)   0  (1396)   0  (1397)   0  (1398)   0  (1399)   0  
(1400)   0  (1401)   0  (1402)   0  (1403)   0  (1404)   0  (1405)   0  (1406)   0  (1407)   0  (1408)   0  (1409)   0  
(1410)   0  (1411)   0  (1412)   0  (1413)   0  (1414)   0  (1415)   0  (1416)   0  (1417)   0  (1418)   0  (1419)   0  
(1420)   0  (1421)   0  (1422)   0  (1423)   0  (1424)   0  (1425)   0  (1426)   0  (1427)   0  (1428)   0  (1429)   0  
(1430)   0  (1431)   0  (1432)   0  (1433)   0  (1434)   0  (1435)   0  (1436)   0  (1437)   0  (1438)   0  (1439)   0  
(1440)   0  (1441)   0  (1442)   0  (1443)   0  (1444)   0  (1445)   0  (1446)   0  (1447)   0  (1448)   0  (1449)   0  
(1450)   0  (1451)   0  (1452)   0  (1453)   0  (1454)   0  (1455)   0  (1456)   0  (1457)   0  (1458)   0  (1459)   0  
(1460)   0  (1461)   0  (1462)   0  (1463)   0  (1464)   0  (1465)   0  (1466)   0  (1467)   0  (1468)   0  (1469)   0  
(1470)   0  (1471)   0  (1472)   0  (1473)   0  (1474)   0  (1475)   0  (1476)   0  (1477)   0  (1478)   0  (1479)   0  
(1480)   0  (1481)   0  (1482)   0  (1483)   0  (1484)   0  (1485)   0  (1486)   0  (1487)   0  (1488)   0  (1489)   0  
(1490)   0  (1491)   0  (1492)   0  (1493)   0  (1494)   0  (1495)   0  (1496)   0  (1497)   0  (1498)   0  (1499)   0  
(1500)   0  (1501)   0  (1502)   0  (1503)   0  (1504)   0  (1505)   0  (1506)   0  (1507)   0  (1508)   0  (1509)   0  
(1510)   0  (1511)   0  (1512)   0  (1513)   0  (1514)   0  (1515)   0  (1516)   0  (1517)   0  (1518)   0  (1519)   0  
(1520)   0  (1521)   0  (1522)   0  (1523)   0  (1524)   0  (1525)   0  (1526)   0  (1527)   0  (1528)   0  (1529)   0  
(1530)   0  (1531)   0  (1532)   0  (1533)   0  (1534)   0  (1535)   0  (1536)   0  (1537)   0  (1538)   0  (1539)   0  
(1540)   0  (1541)   0  (1542)   0  (1543)   0  (1544)   0  (1545)   0  (1546)   0  (1547)   0  (1548)   0  (1549)   0  
(1550)   0  (1551)   0  (1552)   0  (1553)   0  (1554)   0  (1555)   0  (1556)   0  (1557)   0  (1558)   0  (1559)   0  
(1560)   0  (1561)   0  (1562)   0  (1563)   0  (1564)   0  (1565)   0  (1566)   0  (1567)   0  (1568)   0  (1569)   0  
(1570)   0  (1571)   0  (1572)   0  (1573)   0  (1574)   0  (1575)   0  (1576)   0  (1577)   0  (1578)   0  (1579)   0  
(1580)   0  (1581)   0  (1582)   0  (1583)   0  (1584)   0  (1585)   0  (1586)   0  (1587)   0  (1588)   0  (1589)   0  
(1590)   0  (1591)   0  (1592)   0  (1593)   0  (1594)   0  (1595)   0  (1596)   0  (1597)   0  (1598)   0  (1599)   0  
(1600)   0  (1601)   0  (1602)   0  (1603)   0  (1604)   0  (1605)   0  (1606)   0  (1607)   0  (1608)   0  (1609)   0  
(1610)   0  (1611)   0  (1612)   0  (1613)   0  (1614)   0  (1615)   0  (1616)   0  (1617)   0  (1618)   0  (1619)   0  
(1620)   0  (1621)   0  (1622)   0  (1623)   0  (1624)   0  (1625)   0  (1626)   0  (1627)   0  (1628)   0  (1629)   0  
(1630)   0  (1631)   0  (1632)   0  (1633)   0  (1634)   0  (1635)   0  (1636)   0  (1637)   0  (1638)   0  (1639)   0  
(1640)   0  (1641)   0  (1642)   0  (1643)   0  (1644)   0  (1645)   0  (1646)   0  (1647)   0  (1648)   0  (1649)   0  
(1650)   0  (1651)   0  (1652)   0  (1653)   0  (1654)   0  (1655)   0  (1656)   0  (1657)   0  (1658)   0  (1659)   0  
(1660)   0  (1661)   0  (1662)   0  (1663)   0  (1664)   0  (1665)   0  (1666)   0  (1667)   0  (1668)   0  (1669)   0  
(1670)   0  (1671)   0  (1672)   0  (1673)   0  (1674)   0  (1675)   0  (1676)   0  (1677)   0  (1678)   0  (1679)   0  
(1680)   0  (1681)   0  (1682)   0  (1683)   0  (1684)   0  (1685)   0  (1686)   0  (1687)   0  (1688)   0  (1689)   0  
(1690)   0  (1691)   0  (1692)   0  (1693)   0  (1694)   0  (1695)   0  (1696)   0  (1697)   0  (1698)   0  (1699)   0  
(1700)   0  (1701)   0  (1702)   0  (1703)   0  (1704)   0  (1705)   0  (1706)   0  (1707)   0  (1708)   0  (1709)   0  
(1710)   0  (1711)   0  (1712)   0  (1713)   0  (1714)   0  (1715)   0  (1716)   0  (1717)   0  (1718)   0  (1719)   0  
(1720)   0  (1721)   0  (1722)   0  (1723)   0  (1724)   0  (1725)   0  (1726)   0  (1727)   0  (1728)   0  (1729)   0  
(1730)   0  (1731)   0  (1732)   0  (1733)   0  (1734)   0  (1735)   0  (1736)   0  (1737)   0  (1738)   0  (1739)   0  
(1740)   0  (1741)   0  (1742)   0  (1743)   0  (1744)   0  (1745)   0  (1746)   0  (1747)   0  (1748)   0  (1749)   0  
(1750)   0  (1751)   0  (1752)   0  (1753)   0  (1754)   0  (1755)   0  (1756)   0  (1757)   0  (1758)   0  (1759)   0  
(1760)   0  (1761)   0  (1762)   0  (1763)   0  (1764)   0  (1765)   0  (1766)   0  (1767)   0  (1768)   0  (1769)   0  
(1770)   0  (1771)   0  (1772)   0  (1773)   0  (1774)   0  (1775)   0  (1776)   0  (1777)   0  (1778)   0  (1779)   0  
(1780)   0  (1781)   0  (1782)   0  (1783)   0  (1784)   0  (1785)   0  (1786)   0  (1787)   0  (1788)   0  (1789)   0  
(1790)   0  (1791)   0  (1792)   0  (1793)   0  (1794)   0  (1795)   0  (1796)   0  (1797)   0  (1798)   0  (1799)   0  
(1800)   0  (1801)   0  (1802)   0  (1803)   0  (1804)   0  (1805)   0  (1806)   0  (1807)   0  (1808)   0  (1809)   0  
(1810)   0  (1811)   0  (1812)   0  (1813)   0  (1814)   0  (1815)   0  (1816)   0  (1817)   0  (1818)   0  (1819)   0  
(1820)   0  (1821)   0  (1822)   0  (1823)   0  (1824)   0  (1825)   0  (1826)   0  (1827)   0  (1828)   0  (1829)   0  
(1830)   0  (1831)   0  (1832)   0  (1833)   0  (1834)   0  (1835)   0  (1836)   0  (1837)   0  (1838)   0  (1839)   0  
(1840)   0  (1841)   0  (1842)   0  (1843)   0  (1844)   0  (1845)   0  (1846)   0  (1847)   0  (1848)   0  (1849)   0  
(1850)   0  (1851)   0  (1852)   0  (1853)   0  (1854)   0  (1855)   0  (1856)   0  (1857)   0  (1858)   0  (1859)   0  
(1860)   0  (1861)   0  (1862)   0  (1863)   0  (1864)   0  (1865)   0  (1866)   0  (1867)   0  (1868)   0  (1869)   0  
(1870)   0  (1871)   0  (1872)   0  (1873)   0  (1874)   0  (1875)   0  (1876)   0  (1877)   0  (1878)   0  (1879)   0  
(1880)   0  (1881)   0  (1882)   0  (1883)   0  (1884)   0  (1885)   0  (1886)   0  (1887)   0  (1888)   0  (1889)   0  
(1890)   0  (1891)   0  (1892)   0  (1893)   0  (1894)   0  (1895)   0  (1896)   0  (1897)   0  (1898)   0  (1899)   0  
(1900)   0  (1901)   0  (1902)   0  (1903)   0  (1904)   0  (1905)   0  (1906)   0  (1907)   0  (1908)   0  (1909)   0  
(1910)   0  (1911)   0  (1912)   0  (1913)   0  (1914)   0  (1915)   0  (1916)   0  (1917)   0  (1918)   0  (1919)   0  
(1920)   0  (1921)   0  (1922)   0  (1923)   0  (1924)   0  (1925)   0  (1926)   0  (1927)   0  (1928)   0  (1929)   0  
(1930)   0  (1931)   0  (1932)   0  (1933)   0  (1934)   0  (1935)   0  (1936)   0  (1937)   0  (1938)   0  (1939)   0  
(1940)   0  (1941)   0  (1942)   0  (1943)   0  (1944)   0  (1945)   0  (1946)   0  (1947)   0  (1948)   0  (1949)   0  
(1950)   0  (1951)   0  (1952)   0  (1953)   0  (1954)   0  (1955)   0  (1956)   0  (1957)   0  (1958)   0  (1959)   0  
(1960)   0  (1961)   0  (1962)   0  (1963)   0  (1964)   0  (1965)   0  (1966)   0  (1967)   0  (1968)   0  (1969)   0  
(1970)   0  (1971)   0  (1972)   0  (1973)   0  (1974)   0  (1975)   0  (1976)   0  (1977)   0  (1978)   0  (1979)   0  
(1980)   0  (1981)   0  (1982)   0  (1983)   0  (1984)   0  (1985)   0  (1986)   0  (1987)   0  (1988)   0  (1989)   0  
(1990)   0  (1991)   0  (1992)   0  (1993)   0  (1994)   0  (1995)   0  (1996)   0  (1997)   0  (1998)   0  (1999)   0  
(2000)   0  (2001)   0  (2002)   0  (2003)   0  (2004)   0  (2005)   0  (2006)   0  (2007)   0  (2008)   0  (2009)   0  
(2010)   0  (2011)   0  (2012)   0  (2013)   0  (2014)   0  (2015)   0  (2016)   0  (2017)   0  (2018)   0  (2019)   0  
(2020)   0  (2021)   0  (2022)   0  (2023)   0  (2024)   0  (2025)   0  (2026)   0  (2027)   0  (2028)   0  (2029)   0  
(2030)   0  (2031)   0  (2032)   0  (2033)   0  (2034)   0  (2035)   0  (2036)   0  (2037)   0  (2038)   0  (2039)   0  
(2040)   0  (2041)   0  (2042)   0  (2043)   0  (2044)   0  (2045)   0  

Hardware Computed Mean 46.2500	Range 1925
